2 0.724897 0.409315 0.121118 0.162167
2 0.847939 0.600702 0.163324 0.241162
2 0.571879 0.157472 0.067815 0.099219
2 0.419669 0.102863 0.034732 0.044254
2 0.527713 0.103994 0.038821 0.052506
2 0.317784 0.116775 0.04923 0.069827
2 0.486603 0.110752 0.033081 0.037023
2 0.345499 0.050214 0.04935 0.040015
2 0.470576 0.108007 0.02371 0.038706
2 0.31981 0.077646 0.043539 0.039523
2 0.460561 0.102912 0.051569 0.050982
2 0.246523 0.093536 0.10056 0.086954
2 0.233766 0.137319 0.018308 0.040689
2 0.283473 0.097177 0.048213 0.081023
