2 0.847548 0.599874 0.162608 0.238708
2 0.724687 0.409659 0.120662 0.164732
2 0.509262 0.21811 0.078286 0.10412
2 0.364273 0.273844 0.104057 0.160919
2 0.571641 0.156124 0.067933 0.098317
2 0.527569 0.102766 0.039004 0.052438
2 0.486921 0.109322 0.03229 0.036438
2 0.317661 0.115247 0.048911 0.070119
2 0.385049 0.114554 0.048874 0.068634
2 0.317161 0.078054 0.045442 0.036082
2 0.469445 0.106686 0.022616 0.038089
2 0.348557 0.110202 0.023281 0.031235
2 0.360986 0.051109 0.03625 0.031679
2 0.321115 0.048925 0.053679 0.039943
