2 0.847962 0.602067 0.16292 0.239808
2 0.724978 0.411584 0.120687 0.164052
2 0.572233 0.158021 0.067292 0.098203
2 0.581523 0.873687 0.21874 0.251192
2 0.378772 0.172413 0.070272 0.107929
2 0.415694 0.105355 0.031391 0.043512
2 0.486464 0.111533 0.032742 0.036936
2 0.527519 0.105693 0.038361 0.052975
2 0.378186 0.096462 0.036962 0.053736
2 0.317856 0.117462 0.048146 0.069834
2 0.470208 0.108652 0.022471 0.038498
2 0.318177 0.078983 0.044697 0.03788
2 0.349283 0.100325 0.023354 0.055524
2 0.552839 0.131256 0.069966 0.09105
