2 0.847971 0.601918 0.162816 0.239693
2 0.72495 0.410456 0.120875 0.164357
2 0.571874 0.158161 0.067785 0.097596
2 0.381502 0.163605 0.06645 0.098489
2 0.527438 0.105126 0.038035 0.053014
2 0.418293 0.103064 0.032899 0.047148
2 0.486768 0.111224 0.032714 0.037168
2 0.375445 0.095893 0.03608 0.050713
2 0.317738 0.116732 0.048188 0.069439
2 0.562037 0.955732 0.250915 0.087077
2 0.470219 0.108879 0.022867 0.038807
2 0.318405 0.078764 0.044008 0.039212
2 0.349291 0.100591 0.023282 0.053996
2 0.395912 0.098051 0.077762 0.048873
