189,1,1,1226,461,611,1,-1,-1,-1
190,1,0,1118,736,726,1,-1,-1,-1
191,1,0,1121,979,587,1,-1,-1,-1
192,1,252,1123,865,511,1,-1,-1,-1
193,1,508,1123,772,447,1,-1,-1,-1
194,1,718,1118,656,396,1,-1,-1,-1
195,1,884,1118,575,352,1,-1,-1,-1
196,1,1016,1114,502,327,1,-1,-1,-1
197,1,1129,1115,451,290,1,-1,-1,-1
198,1,1216,1113,412,266,1,-1,-1,-1
199,1,1297,1100,366,257,1,-1,-1,-1
200,1,1366,1095,336,243,1,-1,-1,-1
201,1,1418,1085,311,232,1,-1,-1,-1
202,1,1469,1082,279,218,1,-1,-1,-1
203,1,1506,1076,266,209,1,-1,-1,-1
204,1,1541,1073,248,202,1,-1,-1,-1
205,1,1568,1070,235,192,1,-1,-1,-1
206,1,1590,1064,227,185,1,-1,-1,-1
207,1,1614,1062,208,179,1,-1,-1,-1
208,1,1631,1055,199,173,1,-1,-1,-1
209,1,1651,1052,189,166,1,-1,-1,-1
210,1,1663,1047,185,160,1,-1,-1,-1
613,2,1377,961,205,160,1,-1,-1,-1
614,2,1355,961,211,162,1,-1,-1,-1
618,3,1224,950,263,196,1,-1,-1,-1
619,3,1180,949,282,198,1,-1,-1,-1
620,3,1138,949,295,202,1,-1,-1,-1
621,3,1098,946,306,208,1,-1,-1,-1
622,3,1037,943,337,217,1,-1,-1,-1
623,3,970,938,360,229,1,-1,-1,-1
624,3,907,935,383,236,1,-1,-1,-1
625,3,821,925,413,254,1,-1,-1,-1
626,3,731,922,449,262,1,-1,-1,-1
627,3,636,917,483,274,1,-1,-1,-1
628,3,520,906,536,291,1,-1,-1,-1
629,3,383,889,591,310,1,-1,-1,-1
630,3,253,879,620,328,1,-1,-1,-1
631,3,62,862,695,350,1,-1,-1,-1
632,3,0,850,611,367,1,-1,-1,-1
633,3,0,814,467,404,1,-1,-1,-1
634,3,0,800,295,453,1,-1,-1,-1
651,2,1369,961,210,158,1,-1,-1,-1
654,4,1278,955,252,175,1,-1,-1,-1
655,4,1234,951,277,188,1,-1,-1,-1
656,4,1190,949,293,195,1,-1,-1,-1
657,4,1144,946,316,201,1,-1,-1,-1
658,4,1098,945,331,209,1,-1,-1,-1
659,4,1034,938,361,222,1,-1,-1,-1
660,4,971,939,383,223,1,-1,-1,-1
661,4,897,934,419,235,1,-1,-1,-1
662,4,791,923,472,257,1,-1,-1,-1
663,4,708,922,503,261,1,-1,-1,-1
664,4,606,914,541,273,1,-1,-1,-1
665,4,495,900,585,287,1,-1,-1,-1
666,4,358,886,637,305,1,-1,-1,-1
667,4,199,871,692,324,1,-1,-1,-1
668,4,4,860,777,337,1,-1,-1,-1
669,4,0,838,641,362,1,-1,-1,-1
670,4,0,814,486,371,1,-1,-1,-1
689,2,1373,953,211,159,1,-1,-1,-1
690,2,1347,951,220,164,1,-1,-1,-1
694,5,1220,943,271,190,1,-1,-1,-1
695,5,1169,941,302,195,1,-1,-1,-1
696,5,1133,943,312,198,1,-1,-1,-1
697,5,1081,937,333,211,1,-1,-1,-1
698,5,1029,935,360,218,1,-1,-1,-1
699,5,964,929,379,229,1,-1,-1,-1
700,5,896,926,412,237,1,-1,-1,-1
701,5,803,917,455,257,1,-1,-1,-1
702,5,729,910,479,263,1,-1,-1,-1
703,5,636,901,517,278,1,-1,-1,-1
704,5,521,896,565,290,1,-1,-1,-1
705,5,395,883,622,308,1,-1,-1,-1
706,5,259,870,668,326,1,-1,-1,-1
707,5,92,856,732,343,1,-1,-1,-1
708,5,0,842,707,363,1,-1,-1,-1
709,4,0,814,560,413,1,-1,-1,-1
710,4,0,832,427,377,1,-1,-1,-1
736,6,0,1075,348,680,1,-1,-1,-1
737,6,4,1009,496,700,1,-1,-1,-1
738,6,0,982,661,697,1,-1,-1,-1
739,6,0,962,774,693,1,-1,-1,-1
740,6,1,971,913,908,1,-1,-1,-1
741,6,0,977,1006,725,1,-1,-1,-1
742,6,4,979,1098,652,1,-1,-1,-1
743,6,138,983,1034,588,1,-1,-1,-1
744,6,301,992,941,525,1,-1,-1,-1
745,6,431,992,859,508,1,-1,-1,-1
746,6,572,998,774,470,1,-1,-1,-1
747,6,679,996,743,449,1,-1,-1,-1
748,6,774,1002,687,431,1,-1,-1,-1
749,6,871,1000,641,412,1,-1,-1,-1
750,6,948,1009,595,386,1,-1,-1,-1
751,6,1013,1013,570,367,1,-1,-1,-1
752,6,1080,1012,524,350,1,-1,-1,-1
753,6,1139,1021,494,330,1,-1,-1,-1
754,6,1193,1018,462,317,1,-1,-1,-1
755,6,1243,1020,434,309,1,-1,-1,-1
756,6,1284,1018,414,296,1,-1,-1,-1
757,6,1324,1015,390,290,1,-1,-1,-1
758,6,1358,1019,371,278,1,-1,-1,-1
759,6,1391,1018,356,266,1,-1,-1,-1
760,6,1415,1014,347,265,1,-1,-1,-1
761,6,1449,1015,319,256,1,-1,-1,-1
762,6,1468,1017,312,243,1,-1,-1,-1
763,6,1488,1015,303,242,1,-1,-1,-1
764,6,1516,1017,286,232,1,-1,-1,-1
765,6,1534,1016,271,225,1,-1,-1,-1
766,6,1550,1014,262,223,1,-1,-1,-1
767,6,1565,1017,252,211,1,-1,-1,-1
768,6,1577,1014,243,208,1,-1,-1,-1
769,6,1592,1013,235,202,1,-1,-1,-1
770,6,1604,1010,226,199,1,-1,-1,-1
771,6,1612,1011,221,190,1,-1,-1,-1
772,6,1626,1010,209,185,1,-1,-1,-1
773,6,1635,1009,204,180,1,-1,-1,-1
774,6,1643,1007,196,177,1,-1,-1,-1
778,6,1667,1002,184,163,1,-1,-1,-1
936,7,0,1320,358,600,1,-1,-1,-1
939,8,0,1215,768,692,1,-1,-1,-1
940,8,0,1216,916,691,1,-1,-1,-1
941,8,0,1215,1043,701,1,-1,-1,-1
942,8,0,1222,1173,695,1,-1,-1,-1
943,8,5,1229,1255,673,1,-1,-1,-1
944,8,156,1234,1219,665,1,-1,-1,-1
945,8,312,1239,1182,645,1,-1,-1,-1
946,8,445,1257,1153,623,1,-1,-1,-1
947,8,632,1288,1037,581,1,-1,-1,-1
948,8,749,1299,1013,565,1,-1,-1,-1
949,8,857,1318,1008,520,1,-1,-1,-1
950,8,973,1330,956,526,1,-1,-1,-1
951,8,1090,1350,915,514,1,-1,-1,-1
952,8,1188,1368,898,491,1,-1,-1,-1
953,8,1272,1382,901,482,1,-1,-1,-1
954,8,1391,1405,861,468,1,-1,-1,-1
955,8,1479,1419,850,473,1,-1,-1,-1
956,8,1550,1438,877,456,1,-1,-1,-1
957,8,1641,1458,851,449,1,-1,-1,-1
958,8,1729,1484,827,429,1,-1,-1,-1
959,8,1799,1495,761,425,1,-1,-1,-1
960,8,1893,1510,667,410,1,-1,-1,-1
961,8,1966,1542,594,378,1,-1,-1,-1
962,8,2053,1559,503,359,1,-1,-1,-1
963,8,2138,1589,422,329,1,-1,-1,-1
964,8,2213,1616,346,304,1,-1,-1,-1
1022,9,1524,938,186,158,1,-1,-1,-1
1023,9,1517,940,187,157,1,-1,-1,-1
1024,9,1508,939,189,161,1,-1,-1,-1
1025,9,1499,941,192,160,1,-1,-1,-1
1030,9,1451,937,215,176,1,-1,-1,-1
1031,9,1440,936,219,179,1,-1,-1,-1
1032,9,1426,935,226,182,1,-1,-1,-1
1033,9,1417,938,226,181,1,-1,-1,-1
1034,9,1403,938,235,183,1,-1,-1,-1
1036,9,1374,936,247,194,1,-1,-1,-1
1037,9,1358,935,256,201,1,-1,-1,-1
1038,9,1341,933,263,204,1,-1,-1,-1
1041,9,1278,929,298,219,1,-1,-1,-1
1042,9,1251,927,315,224,1,-1,-1,-1
1043,9,1225,924,330,229,1,-1,-1,-1
1044,9,1201,924,337,232,1,-1,-1,-1
1045,9,1176,920,344,242,1,-1,-1,-1
1046,9,1145,914,363,254,1,-1,-1,-1
1047,9,1109,916,374,254,1,-1,-1,-1
1048,9,1081,910,384,264,1,-1,-1,-1
1049,9,1034,908,417,273,1,-1,-1,-1
1050,9,993,905,432,279,1,-1,-1,-1
1051,9,943,905,462,283,1,-1,-1,-1
1052,9,891,904,484,290,1,-1,-1,-1
1053,9,830,895,524,305,1,-1,-1,-1
1054,9,770,882,546,322,1,-1,-1,-1
1055,9,710,875,575,337,1,-1,-1,-1
1056,9,640,863,594,356,1,-1,-1,-1
1057,9,556,856,627,370,1,-1,-1,-1
1057,10,2318,1561,242,242,1,-1,-1,-1
1058,9,470,851,697,379,1,-1,-1,-1
1059,9,370,840,718,403,1,-1,-1,-1
1060,9,258,827,775,423,1,-1,-1,-1
1061,9,126,811,837,445,1,-1,-1,-1
1062,5,3,766,744,518,1,-1,-1,-1
1062,10,2255,1538,305,251,1,-1,-1,-1
1063,5,0,737,648,543,1,-1,-1,-1
1063,10,2254,1536,306,254,1,-1,-1,-1
1064,5,0,741,560,540,1,-1,-1,-1
1064,10,2254,1536,306,254,1,-1,-1,-1
1065,10,2256,1536,304,254,1,-1,-1,-1
1065,5,0,732,447,537,1,-1,-1,-1
1066,10,2254,1535,306,255,1,-1,-1,-1
1067,10,2253,1536,307,256,1,-1,-1,-1
1068,10,2252,1534,308,259,1,-1,-1,-1
1069,10,2249,1532,311,262,1,-1,-1,-1
1070,10,2246,1528,314,266,1,-1,-1,-1
1071,10,2242,1526,318,267,1,-1,-1,-1
1072,10,2233,1519,326,277,1,-1,-1,-1
1073,10,2223,1519,336,275,1,-1,-1,-1
1074,10,2219,1517,340,276,1,-1,-1,-1
1075,10,2210,1513,349,279,1,-1,-1,-1
1076,10,2204,1506,355,284,1,-1,-1,-1
1077,10,2192,1503,367,290,1,-1,-1,-1
1083,10,2032,1424,528,358,1,-1,-1,-1
1084,10,1957,1407,603,372,1,-1,-1,-1
1086,10,1907,1377,653,363,1,-1,-1,-1
1087,10,1861,1361,689,356,1,-1,-1,-1
1088,10,1810,1346,683,350,1,-1,-1,-1
1089,10,1777,1312,660,365,1,-1,-1,-1
1090,10,1711,1295,662,364,1,-1,-1,-1
1091,10,1645,1279,668,351,1,-1,-1,-1
1092,10,1588,1257,670,344,1,-1,-1,-1
1092,11,852,685,262,176,1,-1,-1,-1
1093,10,1528,1236,675,348,1,-1,-1,-1
1093,11,849,687,251,173,1,-1,-1,-1
1094,10,1460,1222,676,338,1,-1,-1,-1
1094,11,843,686,253,174,1,-1,-1,-1
1095,10,1403,1207,672,329,1,-1,-1,-1
1096,10,1342,1185,671,332,1,-1,-1,-1
1097,10,1277,1174,668,318,1,-1,-1,-1
1098,10,1203,1159,680,315,1,-1,-1,-1
1099,10,1145,1126,674,327,1,-1,-1,-1
1100,10,1080,1119,676,319,1,-1,-1,-1
1101,10,1005,1108,687,315,1,-1,-1,-1
1102,10,926,1087,698,323,1,-1,-1,-1
1103,10,853,1064,705,327,1,-1,-1,-1
1104,10,767,1050,718,323,1,-1,-1,-1
1105,10,680,1038,724,329,1,-1,-1,-1
1106,10,590,1017,751,345,1,-1,-1,-1
1107,10,501,1000,746,342,1,-1,-1,-1
1108,10,385,986,787,350,1,-1,-1,-1
1109,10,258,974,822,354,1,-1,-1,-1
1110,10,121,957,889,372,1,-1,-1,-1
1111,10,0,939,924,386,1,-1,-1,-1
1112,10,0,922,794,400,1,-1,-1,-1
1113,10,0,908,668,426,1,-1,-1,-1
1114,10,0,865,575,447,1,-1,-1,-1
1115,10,1,919,452,398,1,-1,-1,-1
1116,12,628,674,269,166,1,-1,-1,-1
1117,12,616,670,272,170,1,-1,-1,-1
1118,12,603,669,273,172,1,-1,-1,-1
1119,12,586,672,280,167,1,-1,-1,-1
1120,12,574,665,282,175,1,-1,-1,-1
1121,12,555,658,291,181,1,-1,-1,-1
1122,12,545,658,290,179,1,-1,-1,-1
1123,12,534,654,291,184,1,-1,-1,-1
1124,12,519,654,298,183,1,-1,-1,-1
1125,12,512,649,293,187,1,-1,-1,-1
1126,12,503,647,287,188,1,-1,-1,-1
1127,12,488,642,296,193,1,-1,-1,-1
1128,12,483,639,291,197,1,-1,-1,-1
1129,12,475,644,287,190,1,-1,-1,-1
1130,12,467,644,286,192,1,-1,-1,-1
1131,12,458,641,291,201,1,-1,-1,-1
1132,12,453,636,289,208,1,-1,-1,-1
1133,12,449,637,284,204,1,-1,-1,-1
1134,12,443,642,283,206,1,-1,-1,-1
1135,12,439,649,282,202,1,-1,-1,-1
1136,12,434,650,275,202,1,-1,-1,-1
1137,12,429,651,274,206,1,-1,-1,-1
1138,12,428,656,268,207,1,-1,-1,-1
1139,12,423,658,268,210,1,-1,-1,-1
1140,12,421,657,262,222,1,-1,-1,-1
1141,12,418,659,264,225,1,-1,-1,-1
1142,12,412,660,268,229,1,-1,-1,-1
1143,12,413,662,261,226,1,-1,-1,-1
1144,12,413,662,260,232,1,-1,-1,-1
1145,12,413,669,256,230,1,-1,-1,-1
1146,12,413,671,257,234,1,-1,-1,-1
1147,12,416,673,253,236,1,-1,-1,-1
1148,12,415,676,255,241,1,-1,-1,-1
1149,12,418,677,256,247,1,-1,-1,-1
1150,12,421,681,257,247,1,-1,-1,-1
1151,12,422,683,260,253,1,-1,-1,-1
1152,12,429,686,254,255,1,-1,-1,-1
1153,12,432,688,256,258,1,-1,-1,-1
1154,12,431,691,261,260,1,-1,-1,-1
1155,12,431,695,268,262,1,-1,-1,-1
1156,12,432,697,274,270,1,-1,-1,-1
1157,12,433,701,277,273,1,-1,-1,-1
1158,12,433,707,283,274,1,-1,-1,-1
1159,12,433,710,286,279,1,-1,-1,-1
1160,12,432,715,287,282,1,-1,-1,-1
1161,12,433,724,288,283,1,-1,-1,-1
1162,12,432,729,292,291,1,-1,-1,-1
1163,12,425,730,299,306,1,-1,-1,-1
1164,12,418,734,306,318,1,-1,-1,-1
1165,12,400,736,320,321,1,-1,-1,-1
1166,12,383,739,334,325,1,-1,-1,-1
1167,12,366,743,342,331,1,-1,-1,-1
1168,12,358,749,347,329,1,-1,-1,-1
1169,12,331,754,362,335,1,-1,-1,-1
1170,12,303,758,391,344,1,-1,-1,-1
1171,12,278,766,412,348,1,-1,-1,-1
1172,12,250,771,436,353,1,-1,-1,-1
1173,12,215,771,463,363,1,-1,-1,-1
1174,12,161,772,506,377,1,-1,-1,-1
1175,12,113,782,540,371,1,-1,-1,-1
1176,12,52,785,589,381,1,-1,-1,-1
1177,12,0,779,610,399,1,-1,-1,-1
1178,12,0,785,587,399,1,-1,-1,-1
1179,12,0,778,547,422,1,-1,-1,-1
1180,12,0,768,509,439,1,-1,-1,-1
1181,5,0,755,467,483,1,-1,-1,-1
1182,5,0,748,390,451,1,-1,-1,-1
1183,5,0,767,346,431,1,-1,-1,-1
1262,13,0,1060,718,845,1,-1,-1,-1
1263,13,0,1024,871,876,1,-1,-1,-1
1264,13,0,1029,1012,801,1,-1,-1,-1
1265,13,0,1047,1122,687,1,-1,-1,-1
1266,13,242,1066,994,599,1,-1,-1,-1
1267,13,434,1052,877,562,1,-1,-1,-1
1268,13,611,1057,776,511,1,-1,-1,-1
1269,13,751,1058,702,470,1,-1,-1,-1
1270,13,861,1061,647,442,1,-1,-1,-1
1271,13,956,1061,606,410,1,-1,-1,-1
1272,13,1039,1058,552,386,1,-1,-1,-1
1273,13,1114,1059,516,366,1,-1,-1,-1
1274,13,1183,1059,476,345,1,-1,-1,-1
1275,13,1239,1056,450,330,1,-1,-1,-1
1276,13,1294,1056,414,317,1,-1,-1,-1
1277,13,1340,1055,390,295,1,-1,-1,-1
1278,13,1381,1054,362,282,1,-1,-1,-1
1279,13,1414,1055,350,264,1,-1,-1,-1
1280,13,1450,1051,327,260,1,-1,-1,-1
1281,13,1472,1051,315,247,1,-1,-1,-1
1282,13,1503,1043,289,242,1,-1,-1,-1
1283,13,1526,1042,278,235,1,-1,-1,-1
1284,13,1545,1041,268,227,1,-1,-1,-1
1285,13,1561,1038,255,219,1,-1,-1,-1
1286,13,1576,1037,246,210,1,-1,-1,-1
1287,13,1594,1037,228,203,1,-1,-1,-1
1288,13,1606,1031,223,200,1,-1,-1,-1
1289,13,1620,1028,212,194,1,-1,-1,-1
1290,13,1628,1024,209,191,1,-1,-1,-1
1291,13,1638,1019,204,189,1,-1,-1,-1
1292,13,1649,1018,195,182,1,-1,-1,-1
1293,13,1652,1017,196,177,1,-1,-1,-1
1294,13,1661,1014,188,170,1,-1,-1,-1
1295,13,1667,1013,182,162,1,-1,-1,-1
1296,13,1669,1011,182,160,1,-1,-1,-1
1297,13,1675,1010,175,155,1,-1,-1,-1
1381,2,1400,958,215,164,1,-1,-1,-1
1382,2,1369,963,229,164,1,-1,-1,-1
1385,14,1267,955,274,192,1,-1,-1,-1
1386,14,1221,952,293,198,1,-1,-1,-1
1387,14,1166,947,319,211,1,-1,-1,-1
1388,14,1131,947,324,209,1,-1,-1,-1
1389,14,1074,944,348,223,1,-1,-1,-1
1390,14,1014,943,374,230,1,-1,-1,-1
1391,14,934,937,407,244,1,-1,-1,-1
1392,14,862,935,434,251,1,-1,-1,-1
1393,14,771,928,475,264,1,-1,-1,-1
1394,14,659,925,530,279,1,-1,-1,-1
1395,14,552,919,570,287,1,-1,-1,-1
1396,14,437,914,607,302,1,-1,-1,-1
1397,14,295,899,669,325,1,-1,-1,-1
1398,9,126,881,750,359,1,-1,-1,-1
1399,9,0,867,761,380,1,-1,-1,-1
1400,9,0,850,634,406,1,-1,-1,-1
1401,12,0,826,505,416,1,-1,-1,-1
1402,3,0,801,352,475,1,-1,-1,-1
1634,15,2,1056,495,672,1,-1,-1,-1
1635,15,0,1034,735,693,1,-1,-1,-1
1636,15,0,1050,952,608,1,-1,-1,-1
1637,15,138,1041,974,543,1,-1,-1,-1
1638,15,410,1052,812,477,1,-1,-1,-1
1639,15,623,1052,701,435,1,-1,-1,-1
1640,15,785,1055,619,390,1,-1,-1,-1
1641,15,913,1053,551,365,1,-1,-1,-1
1642,15,1031,1056,488,339,1,-1,-1,-1
1643,15,1125,1055,450,312,1,-1,-1,-1
1644,15,1204,1058,409,286,1,-1,-1,-1
1645,15,1271,1058,373,266,1,-1,-1,-1
1646,15,1328,1058,346,251,1,-1,-1,-1
1647,15,1385,1053,314,238,1,-1,-1,-1
1648,15,1424,1047,294,230,1,-1,-1,-1
1649,15,1459,1044,285,225,1,-1,-1,-1
1650,15,1493,1044,270,211,1,-1,-1,-1
1651,15,1524,1041,245,203,1,-1,-1,-1
1652,15,1548,1041,237,194,1,-1,-1,-1
1653,15,1567,1037,224,185,1,-1,-1,-1
1654,15,1586,1033,215,182,1,-1,-1,-1
1655,15,1605,1031,199,175,1,-1,-1,-1
1656,15,1622,1028,189,169,1,-1,-1,-1
1660,13,1660,1015,171,151,1,-1,-1,-1
1787,16,0,1046,797,755,1,-1,-1,-1
1788,16,0,1050,985,713,1,-1,-1,-1
1789,16,178,1074,963,599,1,-1,-1,-1
1790,16,454,1062,819,517,1,-1,-1,-1
1791,16,658,1067,727,474,1,-1,-1,-1
1792,16,835,1066,628,437,1,-1,-1,-1
1793,16,969,1064,555,396,1,-1,-1,-1
1794,16,1083,1071,490,358,1,-1,-1,-1
1795,16,1175,1064,451,341,1,-1,-1,-1
1796,16,1254,1060,404,320,1,-1,-1,-1
1797,16,1318,1058,368,296,1,-1,-1,-1
1798,16,1375,1060,341,274,1,-1,-1,-1
1799,16,1416,1055,322,261,1,-1,-1,-1
1800,16,1463,1052,294,248,1,-1,-1,-1
1801,16,1499,1045,271,238,1,-1,-1,-1
1802,16,1529,1048,254,224,1,-1,-1,-1
1803,16,1556,1043,242,217,1,-1,-1,-1
1804,16,1576,1042,227,205,1,-1,-1,-1
1805,16,1598,1038,213,198,1,-1,-1,-1
1894,17,0,464,277,328,1,-1,-1,-1
1895,17,0,457,302,341,1,-1,-1,-1
1896,17,0,450,329,357,1,-1,-1,-1
1897,17,0,446,346,367,1,-1,-1,-1
1898,17,0,466,367,347,1,-1,-1,-1
1899,17,1,490,385,328,1,-1,-1,-1
1900,17,0,479,407,346,1,-1,-1,-1
1901,17,0,457,421,374,1,-1,-1,-1
1902,17,0,457,437,385,1,-1,-1,-1
1903,17,0,462,460,392,1,-1,-1,-1
1904,17,1,493,477,367,1,-1,-1,-1
1905,17,0,488,494,386,1,-1,-1,-1
1908,17,1,514,545,378,1,-1,-1,-1
1909,17,25,506,541,392,1,-1,-1,-1
1910,17,49,501,527,395,1,-1,-1,-1
1911,17,57,494,542,409,1,-1,-1,-1
1915,17,115,524,536,407,1,-1,-1,-1
1922,17,165,549,549,422,1,-1,-1,-1
1923,17,168,551,551,423,1,-1,-1,-1
1930,17,232,574,512,417,1,-1,-1,-1
1931,17,238,576,509,417,1,-1,-1,-1
1932,17,247,578,501,417,1,-1,-1,-1
1940,17,306,607,518,450,1,-1,-1,-1
1946,18,414,693,550,424,1,-1,-1,-1
1947,18,429,706,568,420,1,-1,-1,-1
1948,18,456,720,571,421,1,-1,-1,-1
1949,18,470,736,591,419,1,-1,-1,-1
1950,18,507,747,583,420,1,-1,-1,-1
1951,18,519,762,614,417,1,-1,-1,-1
1952,18,546,773,619,423,1,-1,-1,-1
1953,18,570,786,635,432,1,-1,-1,-1
1954,18,608,790,642,427,1,-1,-1,-1
1955,18,639,814,641,420,1,-1,-1,-1
1956,18,686,824,637,424,1,-1,-1,-1
1958,18,810,847,582,425,1,-1,-1,-1
1961,18,928,880,599,430,1,-1,-1,-1
1962,18,969,898,603,421,1,-1,-1,-1
1964,18,1051,919,585,411,1,-1,-1,-1
1965,18,1093,934,580,404,1,-1,-1,-1
1966,18,1130,943,569,395,1,-1,-1,-1
1967,18,1176,959,548,380,1,-1,-1,-1
1968,18,1211,969,537,368,1,-1,-1,-1
1969,18,1249,968,519,379,1,-1,-1,-1
1970,18,1284,982,505,362,1,-1,-1,-1
1971,18,1312,998,501,342,1,-1,-1,-1
1972,18,1342,1000,485,347,1,-1,-1,-1
1973,18,1390,1010,455,331,1,-1,-1,-1
1974,18,1409,1016,449,326,1,-1,-1,-1
1975,18,1459,1017,415,324,1,-1,-1,-1
1976,18,1489,1027,391,313,1,-1,-1,-1
1977,18,1517,1038,375,296,1,-1,-1,-1
1978,18,1539,1040,367,290,1,-1,-1,-1
1979,18,1564,1039,347,291,1,-1,-1,-1
1980,18,1583,1048,333,273,1,-1,-1,-1
1981,18,1602,1045,320,272,1,-1,-1,-1
1982,18,1622,1047,300,268,1,-1,-1,-1
1983,18,1637,1044,286,266,1,-1,-1,-1
1984,18,1652,1046,270,259,1,-1,-1,-1
2027,2,1374,956,254,206,1,-1,-1,-1
2028,2,1350,954,267,211,1,-1,-1,-1
2029,2,1334,953,270,213,1,-1,-1,-1
2030,2,1305,951,286,219,1,-1,-1,-1
2031,2,1279,950,296,224,1,-1,-1,-1
2032,2,1248,948,313,229,1,-1,-1,-1
2033,2,1204,948,341,231,1,-1,-1,-1
2034,2,1175,945,351,235,1,-1,-1,-1
2035,2,1147,944,360,239,1,-1,-1,-1
2036,2,1109,940,373,246,1,-1,-1,-1
2037,2,1073,938,387,253,1,-1,-1,-1
2038,2,1015,936,414,259,1,-1,-1,-1
2039,2,970,934,440,263,1,-1,-1,-1
2040,2,914,931,462,269,1,-1,-1,-1
2041,2,856,928,487,276,1,-1,-1,-1
2042,2,782,922,523,288,1,-1,-1,-1
2043,2,707,917,562,301,1,-1,-1,-1
2044,2,634,907,589,312,1,-1,-1,-1
2045,2,545,898,636,328,1,-1,-1,-1
2046,2,469,885,652,344,1,-1,-1,-1
2047,2,361,869,701,371,1,-1,-1,-1
2048,2,279,861,724,383,1,-1,-1,-1
2049,2,144,852,772,396,1,-1,-1,-1
2050,9,0,830,836,424,1,-1,-1,-1
2051,9,1,812,754,437,1,-1,-1,-1
2052,9,0,800,640,473,1,-1,-1,-1
2053,12,0,785,541,452,1,-1,-1,-1
2054,4,0,774,430,491,1,-1,-1,-1
2180,19,671,1136,697,455,1,-1,-1,-1
2181,19,805,1127,642,422,1,-1,-1,-1
2182,19,925,1123,593,376,1,-1,-1,-1
2183,19,1068,1109,508,365,1,-1,-1,-1
2184,19,1126,1107,502,336,1,-1,-1,-1
2185,19,1254,1110,409,302,1,-1,-1,-1
2186,19,1325,1104,372,287,1,-1,-1,-1
2187,19,1381,1099,338,265,1,-1,-1,-1
2188,19,1435,1093,318,253,1,-1,-1,-1
2189,19,1476,1087,295,245,1,-1,-1,-1
2190,19,1521,1085,265,229,1,-1,-1,-1
2191,19,1535,1080,270,220,1,-1,-1,-1
2192,19,1577,1078,238,207,1,-1,-1,-1
2193,19,1606,1074,220,202,1,-1,-1,-1
2194,19,1626,1068,212,197,1,-1,-1,-1
2195,19,1639,1063,205,189,1,-1,-1,-1
2202,20,1372,953,223,172,1,-1,-1,-1
2205,21,1264,949,270,191,1,-1,-1,-1
2206,21,1218,949,287,198,1,-1,-1,-1
2207,21,1164,944,311,208,1,-1,-1,-1
2208,21,1115,943,332,212,1,-1,-1,-1
2209,21,1048,936,363,226,1,-1,-1,-1
2210,21,976,933,395,240,1,-1,-1,-1
2211,21,900,928,424,249,1,-1,-1,-1
2212,21,792,920,482,260,1,-1,-1,-1
2213,21,703,912,508,269,1,-1,-1,-1
2214,21,596,903,550,282,1,-1,-1,-1
2215,21,459,887,610,302,1,-1,-1,-1
2216,14,311,875,665,325,1,-1,-1,-1
2217,2,134,857,726,338,1,-1,-1,-1
2218,9,0,838,711,364,1,-1,-1,-1
2219,12,0,810,558,393,1,-1,-1,-1
2220,5,0,826,385,374,1,-1,-1,-1
