230,1,624,785,119,97,1,-1,-1,-1
231,1,631,789,117,97,1,-1,-1,-1
234,1,657,789,136,105,1,-1,-1,-1
245,2,777,789,171,135,1,-1,-1,-1
246,2,792,794,171,136,1,-1,-1,-1
247,2,810,798,175,138,1,-1,-1,-1
248,2,823,799,183,141,1,-1,-1,-1
249,2,840,800,185,147,1,-1,-1,-1
250,2,854,801,197,150,1,-1,-1,-1
251,2,869,802,205,157,1,-1,-1,-1
252,2,882,801,221,164,1,-1,-1,-1
253,2,904,803,228,169,1,-1,-1,-1
254,2,928,805,238,179,1,-1,-1,-1
255,2,954,813,249,181,1,-1,-1,-1
256,2,975,812,270,194,1,-1,-1,-1
257,2,1000,815,286,205,1,-1,-1,-1
258,2,1026,817,316,221,1,-1,-1,-1
259,2,1063,819,333,240,1,-1,-1,-1
260,2,1095,821,377,253,1,-1,-1,-1
261,2,1138,825,411,276,1,-1,-1,-1
262,2,1187,837,462,289,1,-1,-1,-1
263,2,1241,849,520,316,1,-1,-1,-1
264,2,1312,854,593,353,1,-1,-1,-1
265,2,1402,857,676,403,1,-1,-1,-1
266,2,1497,870,804,455,1,-1,-1,-1
267,2,1651,873,909,540,1,-1,-1,-1
268,2,1802,901,758,610,1,-1,-1,-1
269,2,2030,923,530,654,1,-1,-1,-1
729,3,2243,667,317,339,1,-1,-1,-1
730,3,2107,651,452,339,1,-1,-1,-1
731,3,1987,645,573,324,1,-1,-1,-1
732,3,1865,656,590,298,1,-1,-1,-1
733,3,1778,658,527,281,1,-1,-1,-1
734,3,1687,662,488,269,1,-1,-1,-1
735,3,1628,670,438,248,1,-1,-1,-1
736,3,1562,674,405,233,1,-1,-1,-1
737,3,1509,676,371,221,1,-1,-1,-1
738,3,1460,679,346,209,1,-1,-1,-1
739,3,1416,679,321,200,1,-1,-1,-1
740,3,1372,684,300,191,1,-1,-1,-1
741,3,1330,687,291,184,1,-1,-1,-1
742,3,1298,687,273,179,1,-1,-1,-1
743,3,1265,689,255,175,1,-1,-1,-1
744,3,1234,691,243,167,1,-1,-1,-1
745,3,1206,693,231,164,1,-1,-1,-1
746,3,1179,695,223,159,1,-1,-1,-1
747,3,1154,699,216,155,1,-1,-1,-1
748,3,1131,698,207,152,1,-1,-1,-1
748,4,592,767,119,100,1,-1,-1,-1
749,3,1109,704,198,143,1,-1,-1,-1
749,4,599,768,120,99,1,-1,-1,-1
750,3,1086,709,192,134,1,-1,-1,-1
750,4,604,767,121,102,1,-1,-1,-1
751,3,1064,708,189,135,1,-1,-1,-1
751,4,610,768,121,101,1,-1,-1,-1
752,3,1046,708,180,134,1,-1,-1,-1
752,4,616,768,120,101,1,-1,-1,-1
753,3,1028,712,177,128,1,-1,-1,-1
753,4,620,767,120,105,1,-1,-1,-1
754,3,1012,716,170,123,1,-1,-1,-1
754,4,631,765,134,106,1,-1,-1,-1
755,4,635,766,140,107,1,-1,-1,-1
755,3,994,718,164,118,1,-1,-1,-1
756,3,978,719,165,116,1,-1,-1,-1
756,4,643,763,142,107,1,-1,-1,-1
757,4,651,761,142,111,1,-1,-1,-1
757,3,959,720,157,114,1,-1,-1,-1
758,4,659,759,148,115,1,-1,-1,-1
758,3,945,722,155,110,1,-1,-1,-1
759,4,663,757,156,117,1,-1,-1,-1
759,3,927,725,153,106,1,-1,-1,-1
760,4,669,757,157,117,1,-1,-1,-1
760,3,915,725,147,104,1,-1,-1,-1
761,4,676,756,158,120,1,-1,-1,-1
761,3,900,728,145,101,1,-1,-1,-1
762,4,687,759,160,116,1,-1,-1,-1
762,3,887,730,142,100,1,-1,-1,-1
763,3,872,732,138,99,1,-1,-1,-1
763,4,704,761,152,113,1,-1,-1,-1
764,4,707,763,157,114,1,-1,-1,-1
765,4,726,763,153,117,1,-1,-1,-1
766,4,737,759,154,123,1,-1,-1,-1
767,4,742,759,156,125,1,-1,-1,-1
767,5,2126,656,431,304,1,-1,-1,-1
768,5,1995,661,565,285,1,-1,-1,-1
768,4,748,761,164,125,1,-1,-1,-1
769,5,1899,643,661,292,1,-1,-1,-1
769,4,755,752,169,135,1,-1,-1,-1
770,5,1805,648,603,275,1,-1,-1,-1
770,4,764,755,170,135,1,-1,-1,-1
771,5,1726,653,548,257,1,-1,-1,-1
771,4,771,758,176,135,1,-1,-1,-1
772,4,780,760,178,139,1,-1,-1,-1
772,5,1666,655,487,244,1,-1,-1,-1
773,4,788,762,182,137,1,-1,-1,-1
773,5,1603,660,453,232,1,-1,-1,-1
774,5,1542,667,419,212,1,-1,-1,-1
774,4,798,756,186,149,1,-1,-1,-1
775,5,1487,671,395,201,1,-1,-1,-1
775,4,807,761,186,148,1,-1,-1,-1
776,5,1441,672,366,195,1,-1,-1,-1
776,4,813,767,196,147,1,-1,-1,-1
777,5,1404,673,337,190,1,-1,-1,-1
777,4,823,765,196,151,1,-1,-1,-1
778,5,1364,671,319,187,1,-1,-1,-1
778,4,830,766,208,155,1,-1,-1,-1
779,5,1321,675,309,179,1,-1,-1,-1
779,4,841,762,210,164,1,-1,-1,-1
780,5,1292,677,285,173,1,-1,-1,-1
780,4,847,765,213,166,1,-1,-1,-1
781,5,1255,679,276,166,1,-1,-1,-1
781,4,859,764,213,169,1,-1,-1,-1
782,4,870,773,213,167,1,-1,-1,-1
782,5,1228,684,258,158,1,-1,-1,-1
783,5,1203,689,239,150,1,-1,-1,-1
783,4,876,766,219,176,1,-1,-1,-1
784,5,1174,689,232,150,1,-1,-1,-1
784,4,882,765,234,182,1,-1,-1,-1
785,4,890,765,242,189,1,-1,-1,-1
785,5,1150,691,221,146,1,-1,-1,-1
786,4,897,766,254,195,1,-1,-1,-1
786,5,1121,693,220,145,1,-1,-1,-1
787,4,905,768,262,200,1,-1,-1,-1
787,5,1093,695,214,140,1,-1,-1,-1
788,4,914,773,273,202,1,-1,-1,-1
789,4,926,775,277,209,1,-1,-1,-1
790,4,939,770,290,224,1,-1,-1,-1
791,4,951,775,301,230,1,-1,-1,-1
792,4,969,775,307,238,1,-1,-1,-1
793,4,977,774,333,254,1,-1,-1,-1
794,4,992,775,342,262,1,-1,-1,-1
795,4,1001,779,369,271,1,-1,-1,-1
796,4,1025,781,375,278,1,-1,-1,-1
797,4,1040,780,412,288,1,-1,-1,-1
798,4,1058,781,439,301,1,-1,-1,-1
798,3,887,728,155,102,1,-1,-1,-1
799,4,1079,782,464,323,1,-1,-1,-1
799,3,868,730,153,103,1,-1,-1,-1
800,4,1106,777,486,347,1,-1,-1,-1
800,3,856,732,148,101,1,-1,-1,-1
801,4,1127,777,526,362,1,-1,-1,-1
801,3,841,734,147,102,1,-1,-1,-1
802,4,1157,770,562,395,1,-1,-1,-1
802,3,828,738,144,96,1,-1,-1,-1
803,4,1185,776,610,409,1,-1,-1,-1
803,3,816,741,140,94,1,-1,-1,-1
804,4,1219,782,662,425,1,-1,-1,-1
804,3,801,744,137,90,1,-1,-1,-1
805,4,1264,780,698,463,1,-1,-1,-1
806,4,1288,777,777,491,1,-1,-1,-1
806,3,780,747,127,90,1,-1,-1,-1
807,4,1349,782,829,524,1,-1,-1,-1
807,6,2047,661,511,307,1,-1,-1,-1
807,3,765,744,129,94,1,-1,-1,-1
808,4,1395,784,925,554,1,-1,-1,-1
808,6,1946,642,614,317,1,-1,-1,-1
808,3,752,744,129,94,1,-1,-1,-1
809,4,1445,805,1065,588,1,-1,-1,-1
809,3,742,747,120,90,1,-1,-1,-1
810,4,1550,773,997,680,1,-1,-1,-1
811,4,1625,786,935,687,1,-1,-1,-1
811,3,729,750,112,88,1,-1,-1,-1
812,7,1611,663,493,246,1,-1,-1,-1
813,7,1551,666,452,238,1,-1,-1,-1
813,4,1805,828,754,734,1,-1,-1,-1
814,7,1486,669,424,225,1,-1,-1,-1
815,7,1446,672,389,209,1,-1,-1,-1
816,7,1409,675,358,197,1,-1,-1,-1
817,7,1366,671,337,198,1,-1,-1,-1
818,7,1325,679,317,187,1,-1,-1,-1
819,7,1296,682,297,180,1,-1,-1,-1
820,7,1263,683,279,177,1,-1,-1,-1
821,7,1231,687,264,169,1,-1,-1,-1
822,7,1201,690,256,163,1,-1,-1,-1
823,7,1174,695,242,157,1,-1,-1,-1
824,7,1150,695,228,156,1,-1,-1,-1
825,7,1125,695,220,153,1,-1,-1,-1
826,5,1102,698,212,148,1,-1,-1,-1
827,5,1080,702,201,140,1,-1,-1,-1
828,5,1059,706,194,133,1,-1,-1,-1
829,5,1036,708,192,133,1,-1,-1,-1
830,5,1018,708,188,132,1,-1,-1,-1
831,5,998,712,180,126,1,-1,-1,-1
832,5,983,714,172,123,1,-1,-1,-1
833,5,962,714,174,123,1,-1,-1,-1
834,5,945,718,167,117,1,-1,-1,-1
835,5,927,720,164,114,1,-1,-1,-1
836,5,912,723,159,111,1,-1,-1,-1
837,5,893,725,158,110,1,-1,-1,-1
838,5,879,727,157,107,1,-1,-1,-1
839,5,863,729,153,106,1,-1,-1,-1
840,5,854,733,142,102,1,-1,-1,-1
841,5,840,735,142,100,1,-1,-1,-1
842,5,825,740,141,94,1,-1,-1,-1
843,5,812,740,139,96,1,-1,-1,-1
844,5,800,746,135,90,1,-1,-1,-1
845,5,791,746,129,90,1,-1,-1,-1
846,5,778,746,124,90,1,-1,-1,-1
847,5,763,743,129,95,1,-1,-1,-1
848,5,752,743,126,93,1,-1,-1,-1
849,5,745,746,119,89,1,-1,-1,-1
850,3,736,748,116,88,1,-1,-1,-1
851,3,726,750,113,86,1,-1,-1,-1
852,3,716,749,112,86,1,-1,-1,-1
929,8,1,1315,141,198,1,-1,-1,-1
931,8,0,1299,212,230,1,-1,-1,-1
932,8,0,1289,253,215,1,-1,-1,-1
933,8,2,1276,278,238,1,-1,-1,-1
934,8,0,1266,312,249,1,-1,-1,-1
935,8,0,1253,347,253,1,-1,-1,-1
938,8,0,1233,417,278,1,-1,-1,-1
939,8,1,1223,427,292,1,-1,-1,-1
940,8,2,1208,441,311,1,-1,-1,-1
941,8,1,1205,442,303,1,-1,-1,-1
942,8,1,1200,429,298,1,-1,-1,-1
943,8,5,1196,442,295,1,-1,-1,-1
947,8,50,1172,634,299,1,-1,-1,-1
955,9,194,1121,639,295,1,-1,-1,-1
956,9,205,1117,643,297,1,-1,-1,-1
957,9,229,1107,635,297,1,-1,-1,-1
958,9,236,1099,643,283,1,-1,-1,-1
959,9,266,1099,625,286,1,-1,-1,-1
960,9,260,1094,646,294,1,-1,-1,-1
961,9,258,1087,665,300,1,-1,-1,-1
963,9,263,1079,685,304,1,-1,-1,-1
975,9,412,1047,686,301,1,-1,-1,-1
976,9,449,1045,667,303,1,-1,-1,-1
977,9,448,1035,693,300,1,-1,-1,-1
978,9,483,1029,687,303,1,-1,-1,-1
979,9,512,1020,683,311,1,-1,-1,-1
980,9,550,1012,670,314,1,-1,-1,-1
981,9,579,1005,674,314,1,-1,-1,-1
982,9,609,1000,671,316,1,-1,-1,-1
983,9,630,993,682,320,1,-1,-1,-1
984,9,645,987,708,314,1,-1,-1,-1
985,9,680,981,700,323,1,-1,-1,-1
986,9,728,976,692,319,1,-1,-1,-1
987,9,762,974,692,327,1,-1,-1,-1
988,9,787,959,711,333,1,-1,-1,-1
989,9,825,961,700,331,1,-1,-1,-1
990,9,850,950,712,334,1,-1,-1,-1
991,9,889,942,710,346,1,-1,-1,-1
992,9,918,941,735,342,1,-1,-1,-1
993,9,964,934,728,354,1,-1,-1,-1
994,9,1005,924,734,368,1,-1,-1,-1
995,9,1029,920,761,383,1,-1,-1,-1
996,9,1077,919,761,395,1,-1,-1,-1
997,9,1109,920,787,409,1,-1,-1,-1
998,9,1153,923,804,426,1,-1,-1,-1
999,9,1201,924,822,447,1,-1,-1,-1
1000,9,1229,922,835,462,1,-1,-1,-1
1001,9,1278,924,863,481,1,-1,-1,-1
1002,9,1341,926,875,498,1,-1,-1,-1
1003,9,1387,923,965,531,1,-1,-1,-1
1004,9,1438,939,1001,558,1,-1,-1,-1
1005,9,1464,950,1078,583,1,-1,-1,-1
1006,9,1567,950,978,621,1,-1,-1,-1
1007,9,1593,935,951,727,1,-1,-1,-1
1008,9,1686,946,859,795,1,-1,-1,-1
1009,9,1756,958,799,713,1,-1,-1,-1
1010,9,1840,958,720,728,1,-1,-1,-1
1012,2,2047,978,513,725,1,-1,-1,-1
1014,10,2339,1011,220,745,1,-1,-1,-1
1090,11,2238,607,322,415,1,-1,-1,-1
1091,11,2133,603,427,421,1,-1,-1,-1
1092,11,2055,591,505,421,1,-1,-1,-1
1093,11,1951,558,609,449,1,-1,-1,-1
1094,11,1874,569,686,426,1,-1,-1,-1
1095,11,1797,570,763,418,1,-1,-1,-1
1096,11,1738,576,767,384,1,-1,-1,-1
1097,11,1684,582,698,372,1,-1,-1,-1
1098,11,1653,599,634,339,1,-1,-1,-1
1099,11,1598,604,602,329,1,-1,-1,-1
1100,11,1550,608,561,314,1,-1,-1,-1
1101,11,1509,610,515,298,1,-1,-1,-1
1102,11,1475,612,493,286,1,-1,-1,-1
1103,11,1440,616,466,278,1,-1,-1,-1
1104,11,1412,619,436,271,1,-1,-1,-1
1105,11,1379,621,418,261,1,-1,-1,-1
1106,11,1352,627,401,250,1,-1,-1,-1
1107,11,1323,630,378,243,1,-1,-1,-1
1108,11,1300,630,361,239,1,-1,-1,-1
1109,11,1283,634,343,231,1,-1,-1,-1
1110,11,1258,642,330,220,1,-1,-1,-1
1111,11,1239,640,312,215,1,-1,-1,-1
1112,11,1214,634,308,223,1,-1,-1,-1
1113,11,1194,648,300,201,1,-1,-1,-1
1114,11,1175,652,291,196,1,-1,-1,-1
1115,11,1162,663,278,184,1,-1,-1,-1
1116,11,1139,664,270,180,1,-1,-1,-1
1117,11,1127,666,256,178,1,-1,-1,-1
1118,11,1111,666,250,175,1,-1,-1,-1
1119,11,1093,670,249,171,1,-1,-1,-1
1120,11,1075,668,240,172,1,-1,-1,-1
1121,11,1061,672,235,168,1,-1,-1,-1
1122,11,1045,672,232,166,1,-1,-1,-1
1123,11,1034,676,220,163,1,-1,-1,-1
1124,11,1019,676,221,164,1,-1,-1,-1
1125,11,1005,680,213,160,1,-1,-1,-1
1126,11,990,683,216,158,1,-1,-1,-1
1127,11,980,684,204,154,1,-1,-1,-1
1128,11,965,686,209,152,1,-1,-1,-1
1129,11,954,686,199,153,1,-1,-1,-1
1130,11,941,688,203,149,1,-1,-1,-1
1131,11,929,691,195,147,1,-1,-1,-1
1132,11,918,691,196,146,1,-1,-1,-1
1133,11,907,692,190,146,1,-1,-1,-1
1134,11,894,695,189,143,1,-1,-1,-1
1135,11,886,698,186,139,1,-1,-1,-1
1136,11,876,702,179,135,1,-1,-1,-1
1137,11,867,703,180,133,1,-1,-1,-1
1138,11,855,706,177,130,1,-1,-1,-1
1139,11,848,706,173,130,1,-1,-1,-1
1140,11,838,708,176,128,1,-1,-1,-1
1141,11,828,713,172,123,1,-1,-1,-1
1142,11,820,715,169,121,1,-1,-1,-1
1143,11,815,720,163,115,1,-1,-1,-1
1143,6,2125,683,435,322,1,-1,-1,-1
1144,6,2031,655,529,352,1,-1,-1,-1
1144,11,806,723,157,113,1,-1,-1,-1
1145,6,1934,667,626,317,1,-1,-1,-1
1145,11,795,722,161,114,1,-1,-1,-1
1146,6,1863,667,685,301,1,-1,-1,-1
1146,11,788,725,159,110,1,-1,-1,-1
1147,6,1788,670,634,286,1,-1,-1,-1
1147,11,780,726,153,110,1,-1,-1,-1
1148,6,1722,671,596,275,1,-1,-1,-1
1148,11,774,730,150,104,1,-1,-1,-1
1149,6,1665,673,553,266,1,-1,-1,-1
1149,11,760,726,157,110,1,-1,-1,-1
1150,6,1612,675,522,256,1,-1,-1,-1
1150,11,756,728,150,110,1,-1,-1,-1
1151,6,1568,677,486,247,1,-1,-1,-1
1151,11,750,730,142,106,1,-1,-1,-1
1152,6,1536,679,451,238,1,-1,-1,-1
1152,11,743,732,144,105,1,-1,-1,-1
1153,6,1487,680,435,230,1,-1,-1,-1
1153,11,734,732,146,106,1,-1,-1,-1
1154,6,1453,683,412,222,1,-1,-1,-1
1155,6,1425,684,379,216,1,-1,-1,-1
1155,11,722,736,139,101,1,-1,-1,-1
1156,6,1392,684,367,210,1,-1,-1,-1
1156,11,715,738,138,99,1,-1,-1,-1
1157,6,1363,687,347,202,1,-1,-1,-1
1157,11,711,737,134,98,1,-1,-1,-1
1158,6,1335,692,336,193,1,-1,-1,-1
1159,6,1307,691,327,188,1,-1,-1,-1
1160,6,1292,694,308,182,1,-1,-1,-1
1161,6,1272,695,292,178,1,-1,-1,-1
1162,6,1253,697,281,174,1,-1,-1,-1
1163,6,1240,697,265,171,1,-1,-1,-1
1164,6,1225,696,251,169,1,-1,-1,-1
1165,6,1215,694,241,167,1,-1,-1,-1
1166,6,1207,695,227,163,1,-1,-1,-1
1167,6,1199,694,214,161,1,-1,-1,-1
1168,6,1193,693,209,158,1,-1,-1,-1
1169,6,1190,691,196,156,1,-1,-1,-1
1170,6,1187,688,187,155,1,-1,-1,-1
1171,6,1188,686,182,152,1,-1,-1,-1
1172,6,1191,684,170,149,1,-1,-1,-1
1173,6,1192,680,166,150,1,-1,-1,-1
1174,6,1191,674,161,150,1,-1,-1,-1
1175,6,1190,667,162,151,1,-1,-1,-1
1176,6,1194,667,160,143,1,-1,-1,-1
1177,6,1198,659,163,146,1,-1,-1,-1
1178,6,1202,656,163,140,1,-1,-1,-1
1179,6,1205,653,161,137,1,-1,-1,-1
1214,12,2130,625,430,377,1,-1,-1,-1
1215,12,2043,636,517,352,1,-1,-1,-1
1216,12,1969,623,591,358,1,-1,-1,-1
1217,12,1885,606,675,372,1,-1,-1,-1
1218,12,1812,616,657,344,1,-1,-1,-1
1219,12,1755,618,610,329,1,-1,-1,-1
1220,12,1699,627,570,311,1,-1,-1,-1
1221,12,1654,632,529,299,1,-1,-1,-1
1222,12,1604,636,499,288,1,-1,-1,-1
1223,12,1562,634,465,281,1,-1,-1,-1
1224,12,1515,640,444,273,1,-1,-1,-1
1225,12,1478,649,419,252,1,-1,-1,-1
1226,12,1443,654,395,239,1,-1,-1,-1
1227,12,1416,653,364,235,1,-1,-1,-1
1228,12,1377,656,357,224,1,-1,-1,-1
1229,12,1355,660,340,214,1,-1,-1,-1
1230,12,1319,661,324,209,1,-1,-1,-1
1231,12,1298,665,306,204,1,-1,-1,-1
1232,12,1274,665,293,200,1,-1,-1,-1
1233,12,1247,669,281,196,1,-1,-1,-1
1234,12,1228,677,266,186,1,-1,-1,-1
1235,12,1201,675,263,185,1,-1,-1,-1
1236,12,1182,678,251,179,1,-1,-1,-1
1237,12,1161,685,245,173,1,-1,-1,-1
1238,12,1141,685,235,171,1,-1,-1,-1
1239,7,1123,687,226,168,1,-1,-1,-1
1240,7,1106,689,220,162,1,-1,-1,-1
1241,7,1088,691,213,158,1,-1,-1,-1
1242,7,1069,693,207,155,1,-1,-1,-1
1243,7,1054,697,200,148,1,-1,-1,-1
1244,7,1039,698,195,146,1,-1,-1,-1
1245,7,1020,699,194,145,1,-1,-1,-1
1246,7,1010,701,186,142,1,-1,-1,-1
1247,7,994,703,184,138,1,-1,-1,-1
1248,7,979,701,179,140,1,-1,-1,-1
1249,7,966,705,177,134,1,-1,-1,-1
1249,13,607,779,125,99,1,-1,-1,-1
1250,7,952,704,170,134,1,-1,-1,-1
1250,13,611,777,124,102,1,-1,-1,-1
1251,7,936,709,173,127,1,-1,-1,-1
1251,13,618,779,121,102,1,-1,-1,-1
1252,7,920,710,170,126,1,-1,-1,-1
1252,13,624,782,118,100,1,-1,-1,-1
1253,13,629,782,122,102,1,-1,-1,-1
1253,7,911,713,165,122,1,-1,-1,-1
1254,7,899,717,157,117,1,-1,-1,-1
1254,13,635,784,134,101,1,-1,-1,-1
1255,7,885,719,158,115,1,-1,-1,-1
1255,13,642,780,146,104,1,-1,-1,-1
1256,7,872,722,154,113,1,-1,-1,-1
1256,13,652,776,141,110,1,-1,-1,-1
1257,7,862,725,151,109,1,-1,-1,-1
1257,13,659,770,146,118,1,-1,-1,-1
1258,7,854,726,146,107,1,-1,-1,-1
1258,13,664,770,149,119,1,-1,-1,-1
1259,7,839,728,144,107,1,-1,-1,-1
1259,13,668,768,154,120,1,-1,-1,-1
1260,7,828,731,142,103,1,-1,-1,-1
1260,13,675,768,155,122,1,-1,-1,-1
1261,7,821,731,138,104,1,-1,-1,-1
1267,14,738,772,171,132,1,-1,-1,-1
1270,14,765,771,185,143,1,-1,-1,-1
1271,14,777,773,186,145,1,-1,-1,-1
1272,14,787,772,193,151,1,-1,-1,-1
1273,14,794,771,200,158,1,-1,-1,-1
1274,14,804,770,208,161,1,-1,-1,-1
1275,14,819,771,204,163,1,-1,-1,-1
1276,14,830,769,216,170,1,-1,-1,-1
1277,14,842,772,221,170,1,-1,-1,-1
1278,14,851,772,229,174,1,-1,-1,-1
1279,14,866,772,229,178,1,-1,-1,-1
1280,14,878,770,243,183,1,-1,-1,-1
1281,14,891,771,250,190,1,-1,-1,-1
1282,14,899,768,262,198,1,-1,-1,-1
1283,14,912,771,275,202,1,-1,-1,-1
1284,14,927,772,285,209,1,-1,-1,-1
1285,14,942,770,293,220,1,-1,-1,-1
1286,14,960,770,302,230,1,-1,-1,-1
1287,14,977,769,324,240,1,-1,-1,-1
1288,14,998,772,330,251,1,-1,-1,-1
1289,14,1010,774,357,261,1,-1,-1,-1
1290,14,1034,782,370,270,1,-1,-1,-1
1291,14,1054,783,400,279,1,-1,-1,-1
1292,14,1075,786,438,294,1,-1,-1,-1
1293,14,1109,790,455,317,1,-1,-1,-1
1294,14,1132,781,493,349,1,-1,-1,-1
1295,14,1166,789,534,361,1,-1,-1,-1
1296,14,1207,787,576,394,1,-1,-1,-1
1297,14,1246,793,637,422,1,-1,-1,-1
1298,14,1286,793,713,465,1,-1,-1,-1
1299,14,1346,799,778,499,1,-1,-1,-1
1300,14,1413,795,863,557,1,-1,-1,-1
1301,14,1461,813,1045,601,1,-1,-1,-1
1302,14,1592,794,953,730,1,-1,-1,-1
1303,14,1694,811,854,874,1,-1,-1,-1
1304,4,1829,834,731,827,1,-1,-1,-1
1305,2,2020,837,534,789,1,-1,-1,-1
1463,15,2228,770,332,357,1,-1,-1,-1
1464,15,2100,732,460,384,1,-1,-1,-1
1465,15,1964,739,596,374,1,-1,-1,-1
1466,15,1841,739,719,371,1,-1,-1,-1
1467,15,1723,735,837,380,1,-1,-1,-1
1468,15,1601,748,827,367,1,-1,-1,-1
1469,15,1502,765,783,349,1,-1,-1,-1
1470,15,1402,782,748,338,1,-1,-1,-1
1471,15,1315,796,708,331,1,-1,-1,-1
1472,16,1069,849,636,307,1,-1,-1,-1
1473,16,949,863,673,311,1,-1,-1,-1
1474,16,900,881,617,311,1,-1,-1,-1
1475,16,831,902,582,293,1,-1,-1,-1
1476,16,759,921,585,294,1,-1,-1,-1
1477,16,642,939,604,293,1,-1,-1,-1
1478,16,594,965,565,290,1,-1,-1,-1
1479,16,524,985,547,279,1,-1,-1,-1
1485,17,71,1170,319,206,1,-1,-1,-1
1486,17,8,1178,403,212,1,-1,-1,-1
1487,17,5,1159,386,246,1,-1,-1,-1
1488,17,1,1172,352,237,1,-1,-1,-1
1489,17,0,1191,282,229,1,-1,-1,-1
1490,17,0,1215,187,192,1,-1,-1,-1
1633,18,626,777,110,96,1,-1,-1,-1
1636,1,655,763,138,112,1,-1,-1,-1
1637,1,665,764,137,112,1,-1,-1,-1
1638,1,671,767,144,107,1,-1,-1,-1
1639,1,688,769,138,104,1,-1,-1,-1
1642,13,718,769,146,115,1,-1,-1,-1
1643,13,729,770,149,115,1,-1,-1,-1
1644,13,738,768,152,120,1,-1,-1,-1
1645,13,749,769,154,121,1,-1,-1,-1
1646,13,760,768,156,124,1,-1,-1,-1
1647,13,768,768,159,129,1,-1,-1,-1
1648,13,779,771,168,132,1,-1,-1,-1
1649,13,789,771,170,136,1,-1,-1,-1
1650,13,796,771,176,139,1,-1,-1,-1
1651,13,812,773,177,142,1,-1,-1,-1
1652,13,824,775,184,145,1,-1,-1,-1
1653,13,834,775,184,154,1,-1,-1,-1
1654,13,847,776,199,162,1,-1,-1,-1
1655,13,861,782,206,160,1,-1,-1,-1
1656,13,873,782,211,166,1,-1,-1,-1
1657,13,888,784,217,167,1,-1,-1,-1
1658,13,901,783,231,177,1,-1,-1,-1
1659,13,920,785,239,179,1,-1,-1,-1
1660,13,937,786,256,188,1,-1,-1,-1
1661,13,961,789,266,194,1,-1,-1,-1
1662,13,981,789,282,208,1,-1,-1,-1
1663,13,1000,789,303,219,1,-1,-1,-1
1664,13,1032,794,322,229,1,-1,-1,-1
1665,13,1061,797,342,240,1,-1,-1,-1
1666,13,1092,797,384,257,1,-1,-1,-1
1667,13,1134,799,406,277,1,-1,-1,-1
1668,13,1177,802,455,299,1,-1,-1,-1
1669,13,1218,801,500,326,1,-1,-1,-1
1670,13,1270,803,565,355,1,-1,-1,-1
1671,15,1345,806,625,385,1,-1,-1,-1
1672,15,1419,805,724,446,1,-1,-1,-1
1673,15,1532,805,816,493,1,-1,-1,-1
1674,14,1652,802,908,571,1,-1,-1,-1
1675,14,1797,823,763,606,1,-1,-1,-1
1676,2,1985,835,575,627,1,-1,-1,-1
1677,19,2233,894,327,626,1,-1,-1,-1
1784,18,607,777,121,98,1,-1,-1,-1
1785,18,614,775,122,101,1,-1,-1,-1
1786,18,621,776,119,101,1,-1,-1,-1
1789,18,647,776,135,107,1,-1,-1,-1
1790,18,655,768,137,116,1,-1,-1,-1
1792,18,667,767,147,120,1,-1,-1,-1
1801,20,758,771,168,143,1,-1,-1,-1
1802,20,767,773,173,145,1,-1,-1,-1
1803,20,781,773,176,151,1,-1,-1,-1
1804,20,791,777,181,151,1,-1,-1,-1
1805,20,802,775,187,161,1,-1,-1,-1
1806,20,819,774,193,167,1,-1,-1,-1
1807,20,836,780,191,165,1,-1,-1,-1
1808,20,847,777,203,178,1,-1,-1,-1
1809,20,862,782,205,178,1,-1,-1,-1
1810,20,873,783,216,182,1,-1,-1,-1
1811,20,894,788,224,184,1,-1,-1,-1
1812,20,906,788,245,193,1,-1,-1,-1
1813,20,926,789,256,206,1,-1,-1,-1
1814,20,951,794,256,208,1,-1,-1,-1
1815,20,965,795,284,225,1,-1,-1,-1
1816,20,994,795,295,242,1,-1,-1,-1
1817,20,1014,798,326,253,1,-1,-1,-1
1818,20,1042,801,355,267,1,-1,-1,-1
1819,20,1075,800,391,291,1,-1,-1,-1
1820,20,1112,796,431,325,1,-1,-1,-1
1821,20,1155,796,471,352,1,-1,-1,-1
1822,20,1199,804,518,369,1,-1,-1,-1
1823,13,1262,805,587,414,1,-1,-1,-1
1824,13,1335,812,670,457,1,-1,-1,-1
1825,15,1410,812,775,504,1,-1,-1,-1
1826,15,1536,822,861,550,1,-1,-1,-1
1827,14,1659,834,901,584,1,-1,-1,-1
1828,4,1825,846,735,688,1,-1,-1,-1
2126,21,2242,611,318,395,1,-1,-1,-1
2127,21,2136,600,424,400,1,-1,-1,-1
2128,21,2050,614,509,366,1,-1,-1,-1
2129,21,1965,614,592,367,1,-1,-1,-1
2130,21,1895,591,665,381,1,-1,-1,-1
2131,21,1812,601,665,353,1,-1,-1,-1
2132,21,1772,606,603,332,1,-1,-1,-1
2133,21,1703,612,575,318,1,-1,-1,-1
2134,21,1655,618,539,307,1,-1,-1,-1
2135,21,1606,620,505,290,1,-1,-1,-1
2136,21,1557,618,481,291,1,-1,-1,-1
2137,21,1532,622,436,280,1,-1,-1,-1
2138,21,1480,627,425,270,1,-1,-1,-1
2139,21,1447,632,405,250,1,-1,-1,-1
2140,21,1419,637,383,242,1,-1,-1,-1
2141,21,1388,637,370,238,1,-1,-1,-1
2142,21,1361,640,345,231,1,-1,-1,-1
2143,21,1336,646,338,223,1,-1,-1,-1
2144,21,1308,655,328,210,1,-1,-1,-1
2145,21,1292,652,302,208,1,-1,-1,-1
2146,21,1270,654,286,201,1,-1,-1,-1
2147,21,1243,656,280,197,1,-1,-1,-1
2148,21,1221,657,273,195,1,-1,-1,-1
2149,21,1199,660,271,191,1,-1,-1,-1
2150,21,1178,663,265,188,1,-1,-1,-1
2151,21,1161,668,252,181,1,-1,-1,-1
2152,21,1148,670,238,179,1,-1,-1,-1
2153,21,1129,669,238,178,1,-1,-1,-1
2154,21,1116,673,227,170,1,-1,-1,-1
2155,21,1101,677,216,165,1,-1,-1,-1
2156,21,1084,681,216,160,1,-1,-1,-1
2157,21,1070,683,208,156,1,-1,-1,-1
2158,21,1056,686,200,150,1,-1,-1,-1
2159,21,1042,686,203,153,1,-1,-1,-1
2160,21,1024,689,199,148,1,-1,-1,-1
2161,21,1013,689,196,147,1,-1,-1,-1
2162,21,998,691,189,144,1,-1,-1,-1
2163,21,987,690,191,144,1,-1,-1,-1
2164,21,977,693,177,136,1,-1,-1,-1
2167,21,939,696,178,135,1,-1,-1,-1
2175,22,852,714,161,118,1,-1,-1,-1
2176,22,842,719,156,113,1,-1,-1,-1
2178,7,822,725,154,106,1,-1,-1,-1
2179,7,813,728,146,106,1,-1,-1,-1
2180,7,804,727,146,105,1,-1,-1,-1
2182,7,788,729,140,106,1,-1,-1,-1
2184,7,764,729,141,104,1,-1,-1,-1
2186,7,751,732,132,100,1,-1,-1,-1
2187,7,741,733,132,100,1,-1,-1,-1
2188,7,738,738,125,93,1,-1,-1,-1
2189,7,732,739,121,94,1,-1,-1,-1
2190,7,731,739,115,93,1,-1,-1,-1
2279,23,789,795,174,147,1,-1,-1,-1
2280,23,806,798,175,150,1,-1,-1,-1
2281,23,815,798,182,156,1,-1,-1,-1
2282,23,826,799,190,164,1,-1,-1,-1
2283,23,839,804,197,169,1,-1,-1,-1
2284,23,853,807,201,172,1,-1,-1,-1
2285,23,865,808,214,182,1,-1,-1,-1
2286,23,882,811,218,188,1,-1,-1,-1
2287,23,900,814,232,190,1,-1,-1,-1
2288,23,921,818,240,198,1,-1,-1,-1
2289,23,940,817,253,216,1,-1,-1,-1
2290,23,961,824,264,221,1,-1,-1,-1
2291,23,984,834,281,227,1,-1,-1,-1
2292,23,1005,837,304,242,1,-1,-1,-1
2293,23,1034,842,324,258,1,-1,-1,-1
2294,23,1063,847,360,279,1,-1,-1,-1
2295,23,1100,854,395,296,1,-1,-1,-1
2296,23,1145,856,448,332,1,-1,-1,-1
2297,20,1192,863,498,358,1,-1,-1,-1
2298,20,1249,874,561,380,1,-1,-1,-1
2299,13,1337,879,621,438,1,-1,-1,-1
2300,13,1414,892,731,493,1,-1,-1,-1
2301,15,1533,909,830,536,1,-1,-1,-1
2302,4,1658,922,902,630,1,-1,-1,-1
2303,9,1862,948,698,647,1,-1,-1,-1
2304,9,2098,958,462,697,1,-1,-1,-1
2363,24,2215,666,345,332,1,-1,-1,-1
2364,24,2055,674,505,321,1,-1,-1,-1
2365,24,1918,664,642,313,1,-1,-1,-1
2366,25,1611,664,564,275,1,-1,-1,-1
2366,26,1610,661,798,285,1,-1,-1,-1
2367,25,1544,669,477,251,1,-1,-1,-1
2368,25,1484,675,433,233,1,-1,-1,-1
2369,25,1423,676,401,232,1,-1,-1,-1
2370,25,1386,677,358,215,1,-1,-1,-1
2371,25,1344,681,329,200,1,-1,-1,-1
2372,25,1305,684,314,193,1,-1,-1,-1
2373,25,1278,684,291,188,1,-1,-1,-1
2374,25,1243,689,275,182,1,-1,-1,-1
2375,25,1212,689,263,179,1,-1,-1,-1
2376,25,1185,692,256,173,1,-1,-1,-1
2377,25,1160,693,245,171,1,-1,-1,-1
2378,12,1145,694,228,165,1,-1,-1,-1
2379,12,1125,693,220,163,1,-1,-1,-1
2380,12,1109,693,208,158,1,-1,-1,-1
2381,12,1086,697,204,148,1,-1,-1,-1
2382,12,1067,700,200,143,1,-1,-1,-1
2383,12,1049,701,196,141,1,-1,-1,-1
2384,12,1036,702,187,137,1,-1,-1,-1
2385,12,1019,704,187,134,1,-1,-1,-1
2386,12,1002,703,181,133,1,-1,-1,-1
2387,12,989,709,176,126,1,-1,-1,-1
2388,27,727,770,152,128,1,-1,-1,-1
2389,27,738,773,152,127,1,-1,-1,-1
2390,27,748,771,154,131,1,-1,-1,-1
2391,27,753,772,164,135,1,-1,-1,-1
2392,27,764,775,163,135,1,-1,-1,-1
2393,27,769,773,172,141,1,-1,-1,-1
2394,27,782,774,174,143,1,-1,-1,-1
2395,27,787,777,180,145,1,-1,-1,-1
2396,27,797,779,184,147,1,-1,-1,-1
2397,27,811,781,186,153,1,-1,-1,-1
2398,27,823,779,191,158,1,-1,-1,-1
2399,27,833,779,196,163,1,-1,-1,-1
2400,27,845,781,201,167,1,-1,-1,-1
2401,27,856,783,205,168,1,-1,-1,-1
2402,27,869,782,209,174,1,-1,-1,-1
2403,27,878,785,214,177,1,-1,-1,-1
2404,27,892,786,224,181,1,-1,-1,-1
2405,27,905,786,233,186,1,-1,-1,-1
2406,27,921,789,237,192,1,-1,-1,-1
2407,27,936,790,250,202,1,-1,-1,-1
2407,5,758,738,134,98,1,-1,-1,-1
2408,27,947,788,264,213,1,-1,-1,-1
2408,5,751,737,131,99,1,-1,-1,-1
2409,27,969,796,270,214,1,-1,-1,-1
2410,27,982,793,291,233,1,-1,-1,-1
2411,27,1001,798,306,238,1,-1,-1,-1
2412,27,1016,804,332,248,1,-1,-1,-1
2413,27,1043,804,353,259,1,-1,-1,-1
2414,27,1069,806,382,277,1,-1,-1,-1
2415,27,1094,805,404,302,1,-1,-1,-1
